------------------
Data: 06/03/2021
Hora: 02h-36m-15s
6,2
3,9
3,2
3,5
6,2
3,4
5,6
1,2
2,4
4,2
2,5
6,2
1,3
1,8
1,9
4,2
4,6
4,5
1,3
2,3
3,0
5,0
6,0
3,2

------------------
Data: 06/03/2021
Hora: 02h-39m-53s
5,1
3,2
3,2
6,5
4,2
9,8
5,4
5,1
3,0
3,5
3,0
2,3
6,2
1,3
2,0
1,0
5,0
3,6
3,3
2,2
5,6
3,4
2,6
3,3
6,5
6,6
5,2
2,1
2,5
2,9
2,8
6,5

------------------
Data: 08/03/2021
Hora: 23h-02m-32s

------------------
Data: 08/03/2021
Hora: 23h-14m-57s

------------------
Data: 08/03/2021
Hora: 23h-23m-24s

------------------
Data: 08/03/2021
Hora: 23h-24m-07s

------------------
Data: 08/03/2021
Hora: 23h-26m-39s

------------------
Data: 08/03/2021
Hora: 23h-27m-01s

------------------
Data: 09/03/2021
Hora: 00h-37m-26s
3,2
6,3
5,2
9,6
5,2
1,3
6,5
6,8
7,4
6,5
2,3
2,0
2,1
2,4
2,0
3,0
6,0
